01 1980		-0.791911801
02 1980		-1.203024145
03 1980		-2.191983497
04 1980		-3.446999151
05 1980		-3.649649467
06 1980		-2.652140546
07 1980		-1.50538781
08 1980		-0.10479871
09 1980		1.03023393
10 1980		1.195233803
11 1980		1.136965914
12 1980		0.650083723
01 1981		-0.000464951
02 1981		-0.400869779
03 1981		-0.213722632
04 1981		-0.235880591
05 1981		-0.320104431
06 1981		-0.479174879
07 1981		-0.37866282
08 1981		-0.988258727
09 1981		-1.575248699
10 1981		-2.01868326
11 1981		-2.481856469
12 1981		-2.792756028
01 1982		-2.452334616
02 1982		-0.990735151
03 1982		-1.480338905
04 1982		-1.585267509
05 1982		-1.501026609
06 1982		-1.531747188
07 1982		-1.658949893
08 1982		-1.886270224
09 1982		-1.882812386
10 1982		-1.853294035
11 1982		-1.2910145
12 1982		-0.463677827
01 1983		0.64867237
02 1983		0.290133624
03 1983		0.920887753
04 1983		1.384828304
05 1983		1.471666759
06 1983		1.758335601
07 1983		2.003504011
08 1983		1.870317123
09 1983		2.22376635
10 1983		1.804126491
11 1983		1.62039396
12 1983		1.668814589
01 1984		1.858293295
02 1984		1.665599034
03 1984		1.336077556
04 1984		1.094340437
05 1984		0.990703376
06 1984		0.759108305
07 1984		0.513808815
08 1984		0.322682841
09 1984		0.02441768
10 1984		0.138285073
11 1984		0.275844692
12 1984		0.09071495
01 1985		-0.145301185
02 1985		-0.075475951
03 1985		0.055824124
04 1985		-0.250964748
05 1985		-0.068549471
06 1985		-0.226404442
07 1985		-0.254620507
08 1985		0.045268928
09 1985		-0.018665376
10 1985		0.049671594
11 1985		0.220483373
12 1985		0.233354808
01 1986		0.14724084
02 1986		-0.55889776
03 1986		-0.567047287
04 1986		-0.315417507
05 1986		-0.358547033
06 1986		-0.208304377
07 1986		0.160033224
08 1986		0.010371489
09 1986		-0.08573334
10 1986		0.188298469
11 1986		0.23105234
12 1986		0.286624997
01 1987		0.307675909
02 1987		0.604199528
03 1987		0.42447596
04 1987		0.539954242
05 1987		0.685833932
06 1987		0.526425445
07 1987		0.716480886
08 1987		0.698304039
09 1987		0.937577712
10 1987		1.181279771
11 1987		0.719954271
12 1987		0.539490498
01 1988		0.272422177
02 1988		0.491679075
03 1988		0.475057792
04 1988		0.632505282
05 1988		0.262249141
06 1988		0.389426919
07 1988		0.131794095
08 1988		0.200485014
09 1988		0.324916795
10 1988		0.452156032
11 1988		0.450276042
12 1988		0.5118952
01 1989		0.395297861
02 1989		0.038804971
03 1989		-0.098504587
04 1989		-0.273517012
05 1989		-0.548603774
06 1989		-0.465269645
07 1989		-0.714975537
08 1989		-0.267045523
09 1989		-0.45078651
10 1989		-0.404520135
11 1989		-0.139813812
12 1989		-0.076292167
01 1990		-0.181965699
02 1990		0.318529474
03 1990		0.029083751
04 1990		-0.554208504
05 1990		-0.441771497
06 1990		-0.597579459
07 1990		-0.917891989
08 1990		-1.076815396
09 1990		-1.402449069
10 1990		-1.816876705
11 1990		-2.165565922
12 1990		-1.830155502
01 1991		-1.787575055
02 1991		-1.856399037
03 1991		-1.469065568
04 1991		-0.636498545
05 1991		-0.322952194
06 1991		-0.130957249
07 1991		-0.16334746
08 1991		-0.239052584
09 1991		-0.10932891
10 1991		-0.554890058
11 1991		-0.7042736
12 1991		-0.839664865
01 1992		-0.623085288
02 1992		-0.085330087
03 1992		0.389741695
04 1992		0.371808721
05 1992		0.100890777
06 1992		0.018712179
07 1992		0.142186404
08 1992		-0.202762178
09 1992		-0.031936562
10 1992		0.182323606
11 1992		0.233624828
12 1992		0.238393305
01 1993		0.213914767
02 1993		0.181147707
03 1993		-0.052639803
04 1993		-0.038759516
05 1993		-0.146240078
06 1993		-0.133367536
07 1993		-0.069449296
08 1993		0.088522876
09 1993		0.392763694
10 1993		0.624690087
11 1993		0.608785645
12 1993		0.621293498
01 1994		0.481648198
02 1994		0.447422094
03 1994		0.928356426
04 1994		0.895806221
05 1994		0.914449624
06 1994		0.689678213
07 1994		0.520563316
08 1994		0.636702925
09 1994		0.734032028
10 1994		0.837540471
11 1994		0.924627068
12 1994		0.777316232
01 1995		0.294113843
02 1995		0.037791974
03 1995		-0.203716407
04 1995		-0.411719303
05 1995		-0.297690916
06 1995		-0.072774505
07 1995		-0.119603431
08 1995		0.343763768
09 1995		0.266537924
10 1995		-0.025982381
11 1995		-0.0813709
12 1995		-0.030443875
01 1996		-0.242939486
02 1996		0.454552563
03 1996		0.323375687
04 1996		0.570196595
05 1996		0.711553443
06 1996		0.654925703
07 1996		0.361832348
08 1996		0.45271327
09 1996		0.361110472
10 1996		0.288249372
11 1996		0.375145093
12 1996		0.196258589
01 1997		0.323543139
02 1997		0.800975939
03 1997		0.779840176
04 1997		0.76822587
05 1997		0.728138833
06 1997		0.662878314
07 1997		0.822937022
08 1997		0.755804052
09 1997		0.739812195
10 1997		0.746869175
11 1997		0.658977909
12 1997		0.409387033
01 1998		0.446213035
02 1998		0.36572546
03 1998		0.244258651
04 1998		0.282475897
05 1998		0.206911542
06 1998		-0.092145428
07 1998		0.071327861
08 1998		0.691324074
09 1998		0.37600926
10 1998		0.394018813
11 1998		0.255097422
12 1998		0.232070434
01 1999		0.256823503
02 1999		0.297315676
03 1999		0.215924891
04 1999		0.194364012
05 1999		0.308925991
06 1999		0.237367105
07 1999		0.426516107
08 1999		0.459506432
09 1999		0.468535795
10 1999		0.863752325
11 1999		0.681996834
12 1999		0.583483573
01 2000		0.491113929
02 2000		0.290962654
03 2000		0.531383699
04 2000		0.578792614
05 2000		0.038202819
06 2000		-0.01850716
07 2000		-0.364444795
08 2000		-0.359878779
09 2000		-0.099870465
10 2000		-0.334434088
11 2000		-0.528731991
12 2000		-0.882149759
01 2001		-1.295639781
02 2001		-1.44764576
03 2001		-1.345681388
04 2001		-1.497793565
05 2001		-1.456823057
06 2001		-1.592387207
07 2001		-1.625266723
08 2001		-1.704535653
09 2001		-1.923948304
10 2001		-1.967072526
11 2001		-1.541185076
12 2001		-1.018610818
01 2002		-0.61777601
02 2002		-0.421207876
03 2002		-0.322875352
04 2002		-0.281310672
05 2002		-0.226655186
06 2002		-0.300667759
07 2002		-0.580426344
08 2002		-0.53413175
09 2002		-0.614595837
10 2002		-0.664614018
11 2002		-0.556130599
12 2002		-0.702333287
01 2003		-0.397419373
02 2003		-0.566942132
03 2003		-0.721889814
04 2003		-0.741564982
05 2003		-0.380700219
06 2003		-0.157288789
07 2003		0.018939028
08 2003		0.070941664
09 2003		0.382755001
10 2003		0.484534177
11 2003		0.535874257
12 2003		0.375690759
01 2004		0.366120294
02 2004		0.47858608
03 2004		0.444704365
04 2004		0.493018819
05 2004		0.442676615
06 2004		0.338411567
07 2004		0.487076981
08 2004		0.375136697
09 2004		0.361160532
10 2004		0.520157393
11 2004		0.503198837
12 2004		0.689781017
01 2005		0.640836229
02 2005		0.533884687
03 2005		0.31098528
04 2005		0.477645356
05 2005		0.339502398
06 2005		0.355104467
07 2005		0.25575172
08 2005		0.391105723
09 2005		0.160869626
10 2005		0.617555741
11 2005		0.780411403
12 2005		0.752523164
01 2006		0.700596583
02 2006		0.477132027
03 2006		0.414415646
04 2006		0.100980639
05 2006		-0.036118149
06 2006		-0.152543255
07 2006		-0.254328024
08 2006		-0.072186391
09 2006		-0.080707114
10 2006		-0.082911644
11 2006		-0.06745193
12 2006		0.134412002
01 2007		-0.146312978
02 2007		0.057493603
03 2007		0.11574349
04 2007		-0.065053693
05 2007		-0.076930586
06 2007		-0.203705056
07 2007		-0.338269784
08 2007		-0.284994403
09 2007		-0.313458378
10 2007		-0.457696736
11 2007		-0.499853269
12 2007		-0.813900779
01 2008		-1.054116634
02 2008		-1.355026616
03 2008		-1.51849687
04 2008		-1.585111253
05 2008		-1.767730705
06 2008		-1.932816324
07 2008		-2.30209109
08 2008		-2.861940597
09 2008		-3.495876559
10 2008		-3.646935476
11 2008		-4.39387208
12 2008		-4.798371501
01 2009		-4.675109343
02 2009		-3.956806317
03 2009		-3.625206713
04 2009		-2.946198607
05 2009		-2.398395713
06 2009		-1.749467084
07 2009		-0.995638479
08 2009		-0.819341753
09 2009		-0.5613446
10 2009		-0.547140414
11 2009		-0.444353975
12 2009		-0.46817725
01 2010		-0.235169696
02 2010		-0.302539757
03 2010		0.077694364
04 2010		0.332602802
05 2010		0.422744816
06 2010		0.086988854
07 2010		-0.038274694
08 2010		-0.145099689
09 2010		-0.162166001
10 2010		-0.107644526
11 2010		-0.094155621
12 2010		0.137121041
01 2011		0.059757166
02 2011		0.050821296
03 2011		0.251123768
04 2011		-0.003038176
05 2011		-0.067532633
06 2011		-0.157115819
07 2011		-0.132635448
08 2011		-0.180257746
09 2011		-0.130393972
10 2011		0.052485715
11 2011		0.061576167
12 2011		0.294510667
01 2012		0.358379787
02 2012		0.255971941
03 2012		0.037799529
04 2012		-0.111117569
05 2012		-0.263949457
06 2012		-0.456501559
07 2012		-0.483710718
08 2012		-0.475203478
09 2012		-0.282678341
10 2012		-0.225923909
11 2012		-0.052530253
12 2012		-0.007252399
01 2013		-0.033029567
02 2013		0.190793624
03 2013		-0.078846442
04 2013		-0.228535207
05 2013		-0.085609017
06 2013		-0.1134811
07 2013		-0.072384906
08 2013		0.283552055
09 2013		0.266065518
10 2013		0.112882795
11 2013		0.148859161
12 2013		-0.1330672
01 2014		-0.186425391
02 2014		0.089167346
03 2014		0.342412874
04 2014		0.393309024
05 2014		0.437212398
06 2014		0.516736535
07 2014		0.468700052
08 2014		0.290228254
09 2014		0.307759151
10 2014		0.264248038
11 2014		0.225641703
12 2014		0.123259914
01 2015		-0.108338703
02 2015		-0.196384951
03 2015		-0.108693973
04 2015		-0.18566629
05 2015		-0.19096506
06 2015		-0.073739834
07 2015		-0.004795692
08 2015		-0.258027934
09 2015		-0.4026893
10 2015		-0.425565001
11 2015		-0.544075926
12 2015		-0.423530529
01 2016		-0.343102229
02 2016		-0.52486515
03 2016		-0.515574702
04 2016		-0.396577798
05 2016		-0.34284668
06 2016		-0.151092494
07 2016		-0.149858403
08 2016		-0.266691319
09 2016		-0.207960924
10 2016		-0.128469312
11 2016		0.0320072
12 2016		0.172842914
01 2017		0.180156471
02 2017		0.159170428
03 2017		0.324053807
04 2017		0.361754018
05 2017		0.205886513
06 2017		0.1939002
07 2017		0.067725176
08 2017		0.123563034
09 2017		0.335958866
10 2017		0.555049096
11 2017		0.519498944
12 2017		0.44018343
01 2018		0.383731346
02 2018		0.582540231
03 2018		0.479757518
04 2018		0.430167227
05 2018		0.313487211
06 2018		0.387453964
07 2018		0.35714281
08 2018		0.399504159
09 2018		0.283383168
10 2018		0.184740551
11 2018		0.1070285
12 2018		0.012010526
01 2019		-0.124944233
02 2019		-0.257711767
03 2019		-0.258049233
04 2019		-0.359799139
05 2019		-0.25608459
06 2019		-0.273842335
