1980 01	  	76.700
1980 02	  	77.500
1980 03	  	78.600
1980 04	  	79.500
1980 05	  	80.100
1980 06	  	81.000
1980 07	  	80.800
1980 08	  	81.300
1980 09	  	82.100
1980 10	  	83.000
1980 11	  	83.900
1980 12	  	84.900
1981 01	  	85.400
1981 02	  	85.900
1981 03	  	86.400
1981 04	  	87.000
1981 05	  	87.800
1981 06	  	88.600
1981 07	  	89.800
1981 08	  	90.700
1981 09	  	91.800
1981 10	  	92.100
1981 11	  	92.500
1981 12	  	93.000
1982 01	  	93.300
1982 02	  	93.800
1982 03	  	93.900
1982 04	  	94.700
1982 05	  	95.400
1982 06	  	96.100
1982 07	  	96.700
1982 08	  	97.100
1982 09	  	97.200
1982 10	  	97.500
1982 11	  	97.300
1982 12	  	97.200
1983 01	  	97.600
1983 02	  	98.000
1983 03	  	98.200
1983 04	  	98.600
1983 05	  	98.900
1983 06	  	99.200
1983 07	  	99.800
1983 08	  	100.100
1983 09	  	100.500
1983 10	  	101.000
1983 11	  	101.500
1983 12	  	101.800
1984 01	  	102.500
1984 02	  	102.800
1984 03	  	103.200
1984 04	  	103.700
1984 05	  	104.100
1984 06	  	104.500
1984 07	  	105.000
1984 08	  	105.400
1984 09	  	105.800
1984 10	  	106.200
1984 11	  	106.400
1984 12	  	106.800
1985 01	  	107.100
1985 02	  	107.700
1985 03	  	108.100
1985 04	  	108.400
1985 05	  	108.800
1985 06	  	109.100
1985 07	  	109.400
1985 08	  	109.800
1985 09	  	110.000
1985 10	  	110.500
1985 11	  	111.100
1985 12	  	111.400
1986 01	  	111.900
1986 02	  	112.200
1986 03	  	112.500
1986 04	  	112.900
1986 05	  	113.100
1986 06	  	113.400
1986 07	  	113.800
1986 08	  	114.200
1986 09	  	114.600
1986 10	  	115.000
1986 11	  	115.300
1986 12	  	115.600
1987 01	  	115.900
1987 02	  	116.200
1987 03	  	116.600
1987 04	  	117.300
1987 05	  	117.700
1987 06	  	117.900
1987 07	  	118.300
1987 08	  	118.700
1987 09	  	119.200
1987 10	  	119.800
1987 11	  	120.100
1987 12	  	120.400
1988 01	  	120.900
1988 02	  	121.200
1988 03	  	121.700
1988 04	  	122.300
1988 05	  	122.700
1988 06	  	123.200
1988 07	  	123.600
1988 08	  	124.000
1988 09	  	124.700
1988 10	  	125.200
1988 11	  	125.600
1988 12	  	126.000
1989 01	  	126.500
1989 02	  	126.900
1989 03	  	127.400
1989 04	  	127.800
1989 05	  	128.300
1989 06	  	128.800
1989 07	  	129.200
1989 08	  	129.500
1989 09	  	129.900
1989 10	  	130.600
1989 11	  	131.100
1989 12	  	131.600
1990 01	  	132.100
1990 02	  	132.700
1990 03	  	133.500
1990 04	  	134.000
1990 05	  	134.400
1990 06	  	135.100
1990 07	  	135.800
1990 08	  	136.600
1990 09	  	137.100
1990 10	  	137.600
1990 11	  	138.000
1990 12	  	138.600
1991 01	  	139.500
1991 02	  	140.200
1991 03	  	140.500
1991 04	  	140.900
1991 05	  	141.300
1991 06	  	141.800
1991 07	  	142.300
1991 08	  	142.900
1991 09	  	143.400
1991 10	  	143.700
1991 11	  	144.200
1991 12	  	144.700
1992 01	  	145.100
1992 02	  	145.400
1992 03	  	145.900
1992 04	  	146.300
1992 05	  	146.800
1992 06	  	147.100
1992 07	  	147.600
1992 08	  	147.900
1992 09	  	148.100
1992 10	  	148.800
1992 11	  	149.200
1992 12	  	149.600
1993 01	  	150.100
1993 02	  	150.600
1993 03	  	150.800
1993 04	  	151.400
1993 05	  	151.800
1993 06	  	152.100
1993 07	  	152.300
1993 08	  	152.800
1993 09	  	152.900
1993 10	  	153.400
1993 11	  	153.900
1993 12	  	154.300
1994 01	  	154.500
1994 02	  	154.800
1994 03	  	155.300
1994 04	  	155.500
1994 05	  	155.900
1994 06	  	156.400
1994 07	  	156.700
1994 08	  	157.100
1994 09	  	157.500
1994 10	  	157.800
1994 11	  	158.200
1994 12	  	158.300
1995 01	  	159.000
1995 02	  	159.400
1995 03	  	159.900
1995 04	  	160.400
1995 05	  	160.700
1995 06	  	161.100
1995 07	  	161.400
1995 08	  	161.800
1995 09	  	162.200
1995 10	  	162.700
1995 11	  	163.000
1995 12	  	163.100
1996 01	  	163.700
1996 02	  	164.000
1996 03	  	164.400
1996 04	  	164.600
1996 05	  	165.000
1996 06	  	165.400
1996 07	  	165.700
1996 08	  	166.000
1996 09	  	166.500
1996 10	  	166.800
1996 11	  	167.200
1996 12	  	167.400
1997 01	  	167.800
1997 02	  	168.100
1997 03	  	168.400
1997 04	  	168.900
1997 05	  	169.200
1997 06	  	169.400
1997 07	  	169.700
1997 08	  	169.800
1997 09	  	170.200
1997 10	  	170.600
1997 11	  	170.800
1997 12	  	171.200
1998 01	  	171.600
1998 02	  	171.900
1998 03	  	172.200
1998 04	  	172.500
1998 05	  	172.900
1998 06	  	173.200
1998 07	  	173.500
1998 08	  	174.000
1998 09	  	174.200
1998 10	  	174.400
1998 11	  	174.800
1998 12	  	175.400
1999 01	  	175.600
1999 02	  	175.600
1999 03	  	175.700
1999 04	  	176.300
1999 05	  	176.500
1999 06	  	176.600
1999 07	  	177.100
1999 08	  	177.300
1999 09	  	177.800
1999 10	  	178.100
1999 11	  	178.400
1999 12	  	178.700
2000 01	  	179.300
2000 02	  	179.400
2000 03	  	180.000
2000 04	  	180.300
2000 05	  	180.700
2000 06	  	181.100
2000 07	  	181.500
2000 08	  	181.900
2000 09	  	182.300
2000 10	  	182.600
2000 11	  	183.100
2000 12	  	183.300
2001 01	  	183.900
2001 02	  	184.400
2001 03	  	184.700
2001 04	  	185.100
2001 05	  	185.300
2001 06	  	186.000
2001 07	  	186.400
2001 08	  	186.700
2001 09	  	187.100
2001 10	  	187.400
2001 11	  	188.100
2001 12	  	188.400
2002 01	  	188.700
2002 02	  	189.100
2002 03	  	189.200
2002 04	  	189.700
2002 05	  	190.000
2002 06	  	190.200
2002 07	  	190.500
2002 08	  	191.100
2002 09	  	191.300
2002 10	  	191.500
2002 11	  	191.900
2002 12	  	192.100
2003 01	  	192.400
2003 02	  	192.500
2003 03	  	192.500
2003 04	  	192.500
2003 05	  	192.900
2003 06	  	193.000
2003 07	  	193.400
2003 08	  	193.600
2003 09	  	193.700
2003 10	  	194.000
2003 11	  	194.000
2003 12	  	194.200
2004 01	  	194.600
2004 02	  	194.900
2004 03	  	195.500
2004 04	  	195.900
2004 05	  	196.200
2004 06	  	196.600
2004 07	  	196.800
2004 08	  	196.900
2004 09	  	197.500
2004 10	  	197.900
2004 11	  	198.300
2004 12	  	198.600
2005 01	  	199.000
2005 02	  	199.400
2005 03	  	200.100
2005 04	  	200.200
2005 05	  	200.500
2005 06	  	200.600
2005 07	  	200.900
2005 08	  	201.100
2005 09	  	201.300
2005 10	  	202.000
2005 11	  	202.500
2005 12	  	202.800
2006 01	  	203.200
2006 02	  	203.600
2006 03	  	204.300
2006 04	  	204.800
2006 05	  	205.400
2006 06	  	205.900
2006 07	  	206.300
2006 08	  	206.800
2006 09	  	207.200
2006 10	  	207.600
2006 11	  	207.800
2006 12	  	208.100
2007 01	  	208.600
2007 02	  	209.135
2007 03	  	209.418
2007 04	  	209.747
2007 05	  	210.058
2007 06	  	210.392
2007 07	  	210.773
2007 08	  	211.119
2007 09	  	211.554
2007 10	  	212.077
2007 11	  	212.660
2007 12	  	213.168
2008 01	  	213.771
2008 02	  	213.939
2008 03	  	214.420
2008 04	  	214.560
2008 05	  	214.936
2008 06	  	215.424
2008 07	  	215.965
2008 08	  	216.393
2008 09	  	216.713
2008 10	  	216.788
2008 11	  	216.947
2008 12	  	216.925
2009 01	  	217.346
2009 02	  	217.792
2009 03	  	218.253
2009 04	  	218.706
2009 05	  	218.904
2009 06	  	219.112
2009 07	  	219.263
2009 08	  	219.496
2009 09	  	219.920
2009 10	  	220.501
2009 11	  	220.666
2009 12	  	220.881
2010 01	  	220.633
2010 02	  	220.731
2010 03	  	220.783
2010 04	  	220.822
2010 05	  	220.962
2010 06	  	221.194
2010 07	  	221.363
2010 08	  	221.509
2010 09	  	221.711
2010 10	  	221.830
2010 11	  	222.149
2010 12	  	222.343
2011 01	  	222.803
2011 02	  	223.213
2011 03	  	223.454
2011 04	  	223.727
2011 05	  	224.175
2011 06	  	224.697
2011 07	  	225.218
2011 08	  	225.862
2011 09	  	226.118
2011 10	  	226.506
2011 11	  	226.899
2011 12	  	227.405
2012 01	  	227.877
2012 02	  	228.034
2012 03	  	228.478
2012 04	  	228.905
2012 05	  	229.224
2012 06	  	229.623
2012 07	  	229.970
2012 08	  	230.233
2012 09	  	230.659
2012 10	  	231.024
2012 11	  	231.330
2012 12	  	231.725
2013 01	  	232.229
2013 02	  	232.569
2013 03	  	232.794
2013 04	  	232.832
2013 05	  	232.996
2013 06	  	233.350
2013 07	  	233.880
2013 08	  	234.336
2013 09	  	234.700
2013 10	  	234.921
2013 11	  	235.359
2013 12	  	235.759
2014 01	  	235.961
2014 02	  	236.185
2014 03	  	236.625
2014 04	  	237.072
2014 05	  	237.529
2014 06	  	237.837
2014 07	  	238.195
2014 08	  	238.405
2014 09	  	238.786
2014 10	  	239.191
2014 11	  	239.458
2014 12	  	239.584
2015 01	  	239.811
2015 02	  	240.172
2015 03	  	240.755
2015 04	  	241.346
2015 05	  	241.688
2015 06	  	242.064
2015 07	  	242.565
2015 08	  	242.817
2015 09	  	243.316
2015 10	  	243.768
2015 11	  	244.241
2015 12	  	244.547
2016 01	  	244.955
2016 02	  	245.510
2016 03	  	245.913
2016 04	  	246.551
2016 05	  	247.137
2016 06	  	247.540
2016 07	  	247.829
2016 08	  	248.423
2016 09	  	248.842
2016 10	  	249.142
2016 11	  	249.481
2016 12	  	249.920
2017 01	  	250.462
2017 02	  	250.903
2017 03	  	250.836
2017 04	  	251.252
2017 05	  	251.488
2017 06	  	251.822
2017 07	  	252.047
2017 08	  	252.597
2017 09	  	253.039
2017 10	  	253.535
2017 11	  	253.744
2017 12	  	254.308
2018 01	  	255.007
2018 02	  	255.472
2018 03	  	256.117
2018 04	  	256.656
2018 05	  	257.157
2018 06	  	257.534
2018 07	  	257.930
2018 08	  	258.080
2018 09	  	258.534
2018 10	  	258.989
2018 11	  	259.415
2018 12	  	259.873
2019 01	  	260.419
2019 02	  	260.722
2019 03	  	261.339
2019 04	  	262.050
2019 05	  	262.384
2019 06	  	263.117
