1980 01		90800
1980 02		90883
1980 03		90994
1980 04		90849
1980 05		90420
1980 06		90101
1980 07		89840
1980 08		90099
1980 09		90213
1980 10		90490
1980 11		90747
1980 12		90943
1981 01		91033
1981 02		91105
1981 03		91210
1981 04		91283
1981 05		91296
1981 06		91490
1981 07		91601
1981 08		91565
1981 09		91477
1981 10		91380
1981 11		91171
1981 12		90895
1982 01		90565
1982 02		90563
1982 03		90434
1982 04		90150
1982 05		90107
1982 06		89865
1982 07		89521
1982 08		89363
1982 09		89183
1982 10		88907
1982 11		88786
1982 12		88771
1983 01		88990
1983 02		88917
1983 03		89090
1983 04		89364
1983 05		89644
1983 06		90021
1983 07		90437
1983 08		90129
1983 09		91247
1983 10		91520
1983 11		91875
1983 12		92230
1984 01		92673
1984 02		93157
1984 03		93429
1984 04		93792
1984 05		94098
1984 06		94479
1984 07		94789
1984 08		95032
1984 09		95344
1984 10		95629
1984 11		95982
1984 12		96107
1985 01		96372
1985 02		96503
1985 03		96842
1985 04		97038
1985 05		97312
1985 06		97459
1985 07		97648
1985 08		97840
1985 09		98045
1985 10		98233
1985 11		98443
1985 12		98609
1986 01		98732
1986 02		98847
1986 03		98934
1986 04		99121
1986 05		99248
1986 06		99155
1986 07		99473
1986 08		99588
1986 09		99934
1986 10		100121
1986 11		100308
1986 12		100509
1987 01		100678
1987 02		100919
1987 03		101164
1987 04		101499
1987 05		101728
1987 06		101900
1987 07		102247
1987 08		102420
1987 09		102647
1987 10		103138
1987 11		103372
1987 12		103661
1988 01		103753
1988 02		104214
1988 03		104489
1988 04		104732
1988 05		104962
1988 06		105326
1988 07		105550
1988 08		105674
1988 09		106013
1988 10		106276
1988 11		106617
1988 12		106898
1989 01		107161
1989 02		107427
1989 03		107621
1989 04		107791
1989 05		107913
1989 06		108027
1989 07		108069
1989 08		108120
1989 09		108369
1989 10		108476
1989 11		108752
1989 12		108836
1990 01		109197
1990 02		109435
1990 03		109644
1990 04		109688
1990 05		109839
1990 06		109857
1990 07		109824
1990 08		109617
1990 09		109520
1990 10		109367
1990 11		109213
1990 12		109167
1991 01		109056
1991 02		108735
1991 03		108576
1991 04		108367
1991 05		108251
1991 06		108337
1991 07		108292
1991 08		108313
1991 09		108338
1991 10		108357
1991 11		108297
1991 12		108330
1992 01		108372
1992 02		108313
1992 03		108368
1992 04		108523
1992 05		108652
1992 06		108719
1992 07		108794
1992 08		108929
1992 09		108963
1992 10		109144
1992 11		109277
1992 12		109499
1993 01		109799
1993 02		110047
1993 03		109999
1993 04		110302
1993 05		110573
1993 06		110752
1993 07		111057
1993 08		111211
1993 09		111452
1993 10		111737
1993 11		111990
1993 12		112319
1994 01		112601
1994 02		112785
1994 03		113248
1994 04		113592
1994 05		113928
1994 06		114242
1994 07		114613
1994 08		114902
1994 09		115251
1994 10		115464
1994 11		115876
1994 12		116171
1995 01		116508
1995 02		116702
1995 03		116913
1995 04		117076
1995 05		117056
1995 06		117293
1995 07		117386
1995 08		117642
1995 09		117881
1995 10		118038
1995 11		118182
1995 12		118328
1996 01		118323
1996 02		118744
1996 03		119001
1996 04		119168
1996 05		119496
1996 06		119778
1996 07		120020
1996 08		120207
1996 09		120418
1996 10		120674
1996 11		120969
1996 12		121152
1997 01		121372
1997 02		121682
1997 03		121999
1997 04		122296
1997 05		122557
1997 06		122825
1997 07		123119
1997 08		123099
1997 09		123594
1997 10		123940
1997 11		124246
1997 12		124559
1998 01		124823
1998 02		125024
1998 03		125174
1998 04		125453
1998 05		125855
1998 06		126087
1998 07		126213
1998 08		126551
1998 09		126764
1998 10		126968
1998 11		127243
1998 12		127607
1999 01		127713
1999 02		128131
1999 03		128239
1999 04		128610
1999 05		128822
1999 06		129099
1999 07		129420
1999 08		129576
1999 09		129781
1999 10		130190
1999 11		130479
1999 12		130786
2000 01		131020
2000 02		131136
2000 03		131609
2000 04		131900
2000 05		132118
2000 06		132079
2000 07		132247
2000 08		132240
2000 09		132364
2000 10		132365
2000 11		132570
2000 12		132722
2001 01		132712
2001 02		132804
2001 03		132761
2001 04		132475
2001 05		132426
2001 06		132312
2001 07		132187
2001 08		132043
2001 09		131791
2001 10		131468
2001 11		131158
2001 12		130997
2002 01		130868
2002 02		130752
2002 03		130732
2002 04		130636
2002 05		130647
2002 06		130695
2002 07		130604
2002 08		130603
2002 09		130524
2002 10		130643
2002 11		130632
2002 12		130488
2003 01		130596
2003 02		130461
2003 03		130246
2003 04		130194
2003 05		130210
2003 06		130209
2003 07		130207
2003 08		130167
2003 09		130279
2003 10		130473
2003 11		130490
2003 12		130605
2004 01		130787
2004 02		130844
2004 03		131156
2004 04		131426
2004 05		131710
2004 06		131807
2004 07		131864
2004 08		131955
2004 09		132112
2004 10		132466
2004 11		132521
2004 12		132644
2005 01		132791
2005 02		133050
2005 03		133172
2005 04		133536
2005 05		133706
2005 06		133957
2005 07		134314
2005 08		134517
2005 09		134583
2005 10		134673
2005 11		135012
2005 12		135168
2006 01		135446
2006 02		135753
2006 03		136063
2006 04		136221
2006 05		136261
2006 06		136342
2006 07		136538
2006 08		136713
2006 09		136860
2006 10		136870
2006 11		137082
2006 12		137268
2007 01		137493
2007 02		137573
2007 03		137810
2007 04		137860
2007 05		138012
2007 06		138088
2007 07		138055
2007 08		138032
2007 09		138114
2007 10		138190
2007 11		138299
2007 12		138409
2008 01		138422
2008 02		138340
2008 03		138292
2008 04		138056
2008 05		137872
2008 06		137706
2008 07		137508
2008 08		137229
2008 09		136769
2008 10		136288
2008 11		135561
2008 12		134857
2009 01		134074
2009 02		133332
2009 03		132529
2009 04		131835
2009 05		131491
2009 06		131026
2009 07		130685
2009 08		130501
2009 09		130259
2009 10		130061
2009 11		130073
2009 12		129804
2010 01		129807
2010 02		129715
2010 03		129895
2010 04		130132
2010 05		130666
2010 06		130530
2010 07		130442
2010 08		130437
2010 09		130373
2010 10		130642
2010 11		130765
2010 12		130839
2011 01		130859
2011 02		131072
2011 03		131304
2011 04		131625
2011 05		131720
2011 06		131955
2011 07		132016
2011 08		132138
2011 09		132374
2011 10		132578
2011 11		132710
2011 12		132914
2012 01		133269
2012 02		133531
2012 03		133769
2012 04		133852
2012 05		133951
2012 06		134023
2012 07		134176
2012 08		134346
2012 09		134535
2012 10		134693
2012 11		134851
2012 12		135088
2013 01		135283
2013 02		135562
2013 03		135698
2013 04		135890
2013 05		136114
2013 06		136295
2013 07		136400
2013 08		136642
2013 09		136831
2013 10		137056
2013 11		137323
2013 12		137390
2014 01		137567
2014 02		137735
2014 03		137985
2014 04		138312
2014 05		138533
2014 06		138857
2014 07		139084
2014 08		139272
2014 09		139583
2014 10		139841
2014 11		140127
2014 12		140396
2015 01		140609
2015 02		140857
2015 03		140934
2015 04		141234
2015 05		141553
2015 06		141723
2015 07		142016
2015 08		142138
2015 09		142271
2015 10		142610
2015 11		142845
2015 12		143125
2016 01		143215
2016 02		143447
2016 03		143681
2016 04		143892
2016 05		143907
2016 06		144189
2016 07		144525
2016 08		144660
2016 09		144930
2016 10		145058
2016 11		145228
2016 12		145443
2017 01		145695
2017 02		145836
2017 03		145963
2017 04		146176
2017 05		146304
2017 06		146533
2017 07		146737
2017 08		146924
2017 09		146942
2017 10		147202
2017 11		147422
2017 12		147596
2018 01		147767
2018 02		148097
2018 03		148279
2018 04		148475
2018 05		148745
2018 06		149007
2018 07		149185
2018 08		149467
2018 09		149575
2018 10		149852
2018 11		150048
2018 12		150275
2019 01		150587
2019 02		150643
2019 03		150796
2019 04		151012
2019 05		151084
2019 06		151308
